16311,1542
15036,6507
12290,10835
8340,14102
3574,15989
-1542,16311
-6507,15036
-10835,12290
-14102,8340
-15989,3574
-16311,-1542
-15036,-6507
-12290,-10835
-8340,-14102
-3574,-15989
1542,-16311
6507,-15036
10835,-12290
14102,-8340
15989,-3574
16311,1542
15036,6507
12290,10835
8340,14102
3574,15989
-1542,16311
-6507,15036
-10835,12290
-14102,8340
-15989,3574
-16311,-1542
-15036,-6507
-12290,-10835
-8340,-14102
-3574,-15989
1542,-16311
6507,-15036
10835,-12290
14102,-8340
15989,-3574
16311,1542
15036,6507
12290,10835
8340,14102
3574,15989
-1542,16311
-6507,15036
-10835,12290
-14102,8340
-15989,3574
-16311,-1542
-15036,-6507
-12290,-10835
-8340,-14102
-3574,-15989
1542,-16311
6507,-15036
10835,-12290
14102,-8340
15989,-3574
16311,1542
15036,6507
12290,10835
8340,14102
3574,15989
-1542,16311
-6507,15036
-10835,12290
-14102,8340
-15989,3574
-16311,-1542
-15036,-6507
-12290,-10835
-8340,-14102
-3574,-15989
1542,-16311
6507,-15036
10835,-12290
14102,-8340
15989,-3574
16311,1542
15036,6507
12290,10835
8340,14102
3574,15989
-1542,16311
-6507,15036
-10835,12290
-14102,8340
-15989,3574
-16311,-1542
-15036,-6507
-12290,-10835
-8340,-14102
-3574,-15989
1542,-16311
6507,-15036
10835,-12290
14102,-8340
15989,-3574
16311,1542
15036,6507
12290,10835
8340,14102
3574,15989
-1542,16311
-6507,15036
-10835,12290
-14102,8340
-15989,3574
-16311,-1542
-15036,-6507
-12290,-10835
-8340,-14102
-3574,-15989
1542,-16311
6507,-15036
10835,-12290
14102,-8340
15989,-3574
16311,1542
15036,6507
12290,10835
8340,14102
3574,15989
-1542,16311
-6507,15036
-10835,12290
-14102,8340
-15989,3574
-16311,-1542
-15036,-6507
-12290,-10835
-8340,-14102
-3574,-15989
1542,-16311
6507,-15036
10835,-12290
14102,-8340
15989,-3574
16311,1542
15036,6507
12290,10835
8340,14102
3574,15989
-1542,16311
-6507,15036
-10835,12290
-14102,8340
-15989,3574
-16311,-1542
-15036,-6507
-12290,-10835
-8340,-14102
-3574,-15989
1542,-16311
6507,-15036
10835,-12290
14102,-8340
15989,-3574
16311,1542
15036,6507
12290,10835
8340,14102
3574,15989
-1542,16311
-6507,15036
-10835,12290
-14102,8340
-15989,3574
-16311,-1542
-15036,-6507
-12290,-10835
-8340,-14102
-3574,-15989
1542,-16311
6507,-15036
10835,-12290
14102,-8340
15989,-3574
16311,1542
15036,6507
12290,10835
8340,14102
3574,15989
-1542,16311
-6507,15036
-10835,12290
-14102,8340
-15989,3574
-16311,-1542
-15036,-6507
-12290,-10835
-8340,-14102
-3574,-15989
1542,-16311
6507,-15036
10835,-12290
14102,-8340
15989,-3574
16311,1542
15036,6507
12290,10835
8340,14102
3574,15989
-1542,16311
-6507,15036
-10835,12290
-14102,8340
-15989,3574
-16311,-1542
-15036,-6507
-12290,-10835
-8340,-14102
-3574,-15989
1542,-16311
6507,-15036
10835,-12290
14102,-8340
15989,-3574
16311,1542
15036,6507
12290,10835
8340,14102
3574,15989
-1542,16311
-6507,15036
-10835,12290
-14102,8340
-15989,3574
-16311,-1542
-15036,-6507
-12290,-10835
-8340,-14102
-3574,-15989
1542,-16311
6507,-15036
10835,-12290
14102,-8340
15989,-3574
16311,1542
15036,6507
12290,10835
8340,14102
3574,15989
-1542,16311
-6507,15036
-10835,12290
-14102,8340
-15989,3574
-16311,-1542
-15036,-6507
-12290,-10835
-8340,-14102
-3574,-15989
1542,-16311
6507,-15036
10835,-12290
14102,-8340
15989,-3574
16311,1542
15036,6507
12290,10835
8340,14102
3574,15989
-1542,16311
-6507,15036
-10835,12290
-14102,8340
-15989,3574
-16311,-1542
-15036,-6507
-12290,-10835
-8340,-14102
-3574,-15989
1542,-16311
6507,-15036
10835,-12290
14102,-8340
15989,-3574
16311,1542
15036,6507
12290,10835
8340,14102
3574,15989
-1542,16311
-6507,15036
-10835,12290
-14102,8340
-15989,3574
-16311,-1542
-15036,-6507
-12290,-10835
-8340,-14102
-3574,-15989
1542,-16311
6507,-15036
10835,-12290
14102,-8340
15989,-3574
16311,1542
15036,6507
12290,10835
8340,14102
3574,15989
-1542,16311
-6507,15036
-10835,12290
-14102,8340
-15989,3574
-16311,-1542
-15036,-6507
-12290,-10835
-8340,-14102
-3574,-15989
1542,-16311
6507,-15036
10835,-12290
14102,-8340
15989,-3574
16311,1542
15036,6507
12290,10835
8340,14102
3574,15989
-1542,16311
-6507,15036
-10835,12290
-14102,8340
-15989,3574
-16311,-1542
-15036,-6507
-12290,-10835
-8340,-14102
-3574,-15989
1542,-16311
6507,-15036
10835,-12290
14102,-8340
15989,-3574
16311,1542
15036,6507
12290,10835
8340,14102
3574,15989
-1542,16311
-6507,15036
-10835,12290
-14102,8340
-15989,3574
-16311,-1542
-15036,-6507
-12290,-10835
-8340,-14102
-3574,-15989
1542,-16311
6507,-15036
10835,-12290
14102,-8340
15989,-3574
16311,1542
15036,6507
12290,10835
8340,14102
3574,15989
-1542,16311
-6507,15036
-10835,12290
-14102,8340
-15989,3574
-16311,-1542
-15036,-6507
-12290,-10835
-8340,-14102
-3574,-15989
1542,-16311
6507,-15036
10835,-12290
14102,-8340
15989,-3574
16311,1542
15036,6507
12290,10835
8340,14102
3574,15989
-1542,16311
-6507,15036
-10835,12290
-14102,8340
-15989,3574
-16311,-1542
-15036,-6507
-12290,-10835
-8340,-14102
-3574,-15989
1542,-16311
6507,-15036
10835,-12290
14102,-8340
15989,-3574
16311,1542
15036,6507
12290,10835
8340,14102
3574,15989
-1542,16311
-6507,15036
-10835,12290
-14102,8340
-15989,3574
-16311,-1542
-15036,-6507
-12290,-10835
-8340,-14102
-3574,-15989
1542,-16311
6507,-15036
10835,-12290
14102,-8340
15989,-3574
16311,1542
15036,6507
12290,10835
8340,14102
3574,15989
-1542,16311
-6507,15036
-10835,12290
-14102,8340
-15989,3574
-16311,-1542
-15036,-6507
-12290,-10835
-8340,-14102
-3574,-15989
1542,-16311
6507,-15036
10835,-12290
14102,-8340
15989,-3574
16311,1542
15036,6507
12290,10835
8340,14102
3574,15989
-1542,16311
-6507,15036
-10835,12290
-14102,8340
-15989,3574
-16311,-1542
-15036,-6507
-12290,-10835
-8340,-14102
-3574,-15989
1542,-16311
6507,-15036
10835,-12290
14102,-8340
15989,-3574
16311,1542
15036,6507
12290,10835
8340,14102
3574,15989
-1542,16311
-6507,15036
-10835,12290
-14102,8340
-15989,3574
-16311,-1542
-15036,-6507
-12290,-10835
-8340,-14102
-3574,-15989
1542,-16311
6507,-15036
10835,-12290
14102,-8340
15989,-3574
16311,1542
15036,6507
12290,10835
8340,14102
3574,15989
-1542,16311
-6507,15036
-10835,12290
-14102,8340
-15989,3574
-16311,-1542
-15036,-6507
-12290,-10835
-8340,-14102
-3574,-15989
1542,-16311
6507,-15036
10835,-12290
14102,-8340
15989,-3574
16311,1542
15036,6507
12290,10835
8340,14102
3574,15989
-1542,16311
-6507,15036
-10835,12290
-14102,8340
-15989,3574
-16311,-1542
-15036,-6507
